VERSIONE "ALL" - E1071 - KERNEL LINEARE
-----------------------------------------------------------------------
[1] "Loading Shapefiles"
[1] "Loading input images"
[1] "Creating Dataset"
[1] "Splitting Dataset"
Percentuale di dati di Training rispetto ai pixel totali: 0.46% 
[1] "Creating SVM Model"
[1] "Creating Confusion Matrix and Metrics"
[1] "MATRICE DI CONFUSIONE:"
               
predizione_test   1   2   3   4   5   6   7   8   9  10  11  12  13  14  15
             1  166   2   0   0   0   0   0  12  25   1   0   0   0   0   0
             2    2 130   0   0   0   0   0   2   5   1   0   0   0   0   0
             3    0   0 712   0   0   0   0   0   4   0   0   0   0   0   0
             4    0   0   0 134   1   0   0   0   0   0   0   0   0   0   0
             5    0   0   0   0 138   0   0   0   0   0   0   0   0   0   0
             6    0   0   0   0   0 137   0   0   0   0   0   0   0   0   0
             7    0   0   0   0   0   0 162   0   0   0   0   0   0   0   0
             8   35   0   0   0   0   0   0  80   2   1   0   0   0   0   0
             9    5   0   2   0   0   0   0   2  27   0   0   0   0   0   0
             10   0   0   0   0   0   0   0   2   2 123   0   0   0   0   0
             11   6  27   0   0   0   0   0   1   0   0 471   0   0   0   0
             12   0   0   0   0   0   0   0   0   1   0   0 153   5   0   0
             13   0   0   0   0   0   0   0   0   0   0   0  11 143  13   0
             14   0   0   0   0   0   0   0   0   0   0   0   0   0 182   0
             15   0   0   0   0   0   0   0   0   0   0   0   0   0   0 718
[1] "Metriche del sistema:"
[1] "Accuratezza del sistema: 0.953373560065826"
   precision    recall        f1
1  0.8058252 0.7757009 0.7904762
2  0.9285714 0.8176101 0.8695652
3  0.9944134 0.9971989 0.9958042
4  0.9925926 1.0000000 0.9962825
5  1.0000000 0.9928058 0.9963899
6  1.0000000 1.0000000 1.0000000
7  1.0000000 1.0000000 1.0000000
8  0.6779661 0.8080808 0.7373272
9  0.7500000 0.4090909 0.5294118
10 0.9685039 0.9761905 0.9723320
11 0.9326733 1.0000000 0.9651639
12 0.9622642 0.9329268 0.9473684
13 0.8562874 0.9662162 0.9079365
14 1.0000000 0.9333333 0.9655172
15 1.0000000 1.0000000 1.0000000
[1] "Predicting"
Writing "file_image_ALL" in "images/".