VERSIONE "ALL" - E1071 - KERNEL RADIALE
-----------------------------------------------------------------------
[1] "Loading Shapefiles"
[1] "Loading input images"
[1] "Creating Dataset"
[1] "Splitting Dataset"
Percentuale di dati di Training rispetto ai pixel totali: 0.46% 
[1] "Creating SVM Model"
[1] "Creating Confusion Matrix and Metrics"
[1] "MATRICE DI CONFUSIONE:"
               
predizione_test   1   2   3   4   5   6   7   8   9  10  11  12  13  14  15
             1  131   0   0   0   0   0   0   1   3   1   0   0   0   0   0
             2    2 139   0   0   0   0   0   0   0   0   0   0   0   0   0
             3    0   0 714   0   0   0   0   0   1   0   0   0   0   0   0
             4    0   0   0  96   3   0   0   0   4   1   0   0   0   0   0
             5    0   0   0   5 135   0   0   0   3   0   0   0   0   0   0
             6    0   0   0   0   0 137   0   0   0   0   0   0   0   0   0
             7    0   0   0   0   0   0 159   0   0   0   0   0   0   0   0
             8   59   0   0   0   0   0   0  75  21   3   0   0   0   0   0
             9   17   0   0   0   0   0   0   1  19   0   0   0   0   0   0
             10   0   0   0   0   0   0   0  20  13 115   0   0   0   0   0
             11   5  20   0   4   0   0   0   2   0   1 471   0   0   0   0
             12   0   0   0  28   0   0   0   0   1   0   0 148  30   0   0
             13   0   0   0   0   0   0   0   0   0   0   0  16 118  18   0
             14   0   0   0   0   0   0   0   0   0   0   0   0   0 177   0
             15   0   0   0   1   1   0   3   0   1   5   0   0   0   0 718
[1] "Metriche del sistema:"
[1] "Accuratezza del sistema: 0.919363686231487"
   precision    recall        f1
1  0.9632353 0.6121495 0.7485714
2  0.9858156 0.8742138 0.9266667
3  0.9986014 1.0000000 0.9993002
4  0.9230769 0.7164179 0.8067227
5  0.9440559 0.9712230 0.9574468
6  1.0000000 1.0000000 1.0000000
7  1.0000000 0.9814815 0.9906542
8  0.4746835 0.7575758 0.5836576
9  0.5135135 0.2878788 0.3689320
10 0.7770270 0.9126984 0.8394161
11 0.9363817 1.0000000 0.9671458
12 0.7149758 0.9024390 0.7978437
13 0.7763158 0.7972973 0.7866667
14 1.0000000 0.9076923 0.9516129
15 0.9849108 1.0000000 0.9923981
[1] "Predicting"
Writing "file_image_ALL" in "images/".