VERSIONE "K-BANDS" (number_bands=3) - E1071 - KERNEL RADIALE
-----------------------------------------------------------------------
[1] "Loading Shapefiles"
[1] "Loading input images"
[1] "Creating Dataset"
[1] "Splitting Dataset"
Percentuale di dati di Training rispetto ai pixel totali: 0.46% 
[1] "Creating SVM Model"
[1] "Creating Confusion Matrix and Metrics"
[1] "MATRICE DI CONFUSIONE:"
               
predizione_test   1   2   3   4   5   6   7   8   9  10  11  12  13  14  15
             1   66   1   0   0   0   0   0   3   0   0   0   0   0   0   0
             2    1 131   0   0   0   0   0   0   0   0   0   0   0   0   0
             3    0   2 555  54   0   0   0   0   1   0  14   0   0   0   0
             4    0   0   0  16   0  36   0   0   0   0   0   0   0   0   0
             5    2   0   0   0  20   0   2   1   0   0   0   0   0   0   0
             6    0   3   0  10   0  55   0   0   0   0   0   0   0   0   0
             7    0   0   0   0  26   0  81   0   0   0   0   0   0   0   0
             8    2   0   0   0   6   0   0  10   0   0   0   0   0   0   0
             9    0   0   0   0   0   0   0   0   0   0   0   0   0   0   0
             10   0   0   0   0   0   0   0   0   0   9   0   0   0   0   0
             11   6   9   0   0   1   0   1  13   3   0 410   0   0   0   0
             12   0   1  11  13   0   0   0   0   6   0   0  80   2   0   0
             13 137  12 148  41  86  46  78  72  56 117  47  84 146 105 478
             14   0   0   0   0   0   0   0   0   0   0   0   0   0  90   0
             15   0   0   0   0   0   0   0   0   0   0   0   0   0   0 240
[1] "Metriche del sistema:"
[1] "Accuratezza del sistema: 0.523587493143171"
    precision     recall        f1
1  0.94285714 0.30841121 0.4647887
2  0.99242424 0.82389937 0.9003436
3  0.88658147 0.77731092 0.8283582
4  0.30769231 0.11940299 0.1720430
5  0.80000000 0.14388489 0.2439024
6  0.80882353 0.40145985 0.5365854
7  0.75700935 0.50000000 0.6022305
8  0.55555556 0.10101010 0.1709402
9         NaN 0.00000000       NaN
10 1.00000000 0.07142857 0.1333333
11 0.92550790 0.87048832 0.8971554
12 0.70796460 0.48780488 0.5776173
13 0.08832426 0.98648649 0.1621321
14 1.00000000 0.46153846 0.6315789
15 1.00000000 0.33426184 0.5010438
[1] "Predicting"
Writing "file_image_ALL" in "images/".