VERSIONE "K-BANDS" (number_bands=3) - E1071 - KERNEL LINEARE
-----------------------------------------------------------------------
[1] "Loading Shapefiles"
[1] "Loading input images"
[1] "Creating Dataset"
[1] "Splitting Dataset"
Percentuale di dati di Training rispetto ai pixel totali: 0.46% 
[1] "Creating SVM Model"
[1] "Creating Confusion Matrix and Metrics"
[1] "MATRICE DI CONFUSIONE:"
               
predizione_test   1   2   3   4   5   6   7   8   9  10  11  12  13  14  15
             1  192   2   0   0   1   0   0  47   1   2   0   0   0   0   0
             2    7 143   0   0   0   0   0   0  10   0   0   0   0   0   0
             3    0   1 650  64   0   0   0   0  17   0   2   0   0   0   0
             4    0   0   0  51   0   1   0   0   1   0   0   0   0   0   0
             5    0   0   0   0  30   0  37  15   3   1   0   0   0   0   0
             6    0   3   0  18   0 135   0   0   3   0   0   2   0   0   0
             7    0   0   0   0 104   0 124   6   0   0   0   0   0   0   0
             8    2   2   0   0   1   0   1   8   1   1   0   0   0   0   0
             9   10   0   0   0   0   1   0   0   7   0   0   0   0   0   0
             10   0   0   0   0   0   0   0   0   0 122   0   0   0   0   0
             11   3   8   0   0   3   0   0  23  18   0 469   0   0   0   0
             12   0   0  64   1   0   0   0   0   5   0   0  72   3   0   0
             13   0   0   0   0   0   0   0   0   0   0   0  90 145   1   0
             14   0   0   0   0   0   0   0   0   0   0   0   0   0 194   0
             15   0   0   0   0   0   0   0   0   0   0   0   0   0   0 718
[1] "Metriche del sistema:"
[1] "Accuratezza del sistema: 0.83927591881514"
   precision     recall        f1
1  0.7836735 0.89719626 0.8366013
2  0.8937500 0.89937107 0.8965517
3  0.8855586 0.91036415 0.8977901
4  0.9622642 0.38059701 0.5454545
5  0.3488372 0.21582734 0.2666667
6  0.8385093 0.98540146 0.9060403
7  0.5299145 0.76543210 0.6262626
8  0.5000000 0.08080808 0.1391304
9  0.3888889 0.10606061 0.1666667
10 1.0000000 0.96825397 0.9838710
11 0.8950382 0.99575372 0.9427136
12 0.4965517 0.43902439 0.4660194
13 0.6144068 0.97972973 0.7552083
14 1.0000000 0.99487179 0.9974293
15 1.0000000 1.00000000 1.0000000
[1] "Predicting"
Writing "file_image_ALL" in "images/".